monotonic_ns,port_rcv_data_words,port_xmit_data_words
7321904645777229,41174202236,54022826049
7321904695833105,41174202236,54022826049
7321904745821147,41174202236,54022826049
7321904796140338,41174202236,54022826049
7321904845787956,41174202236,54022826049
7321904895814789,41174202236,54022826049
7321904945814853,41174202236,54022826049
7321904995824946,41174202236,54022826049
7321905045823938,41174202236,54022826049
7321905095813353,41174202236,54022826049
7321905145820290,41174202236,54022826049
7321905195823721,41174202236,54022826049
7321905245937320,41174202236,54022826049
7321905295815865,41174202236,54022826049
7321905347500993,41174202236,54022826049
7321905395833375,41174202236,54022826049
7321905445834061,41174202236,54022826049
7321905495813177,41174202236,54022826049
7321905545822378,41174202236,54022826049
7321905595826299,41174202236,54022826049
7321905645815875,41174202236,54022826049
7321905695819977,41174202236,54022826049
7321905745813429,41174202236,54022826049
7321905795816870,41174202236,54022826049
7321905845809851,41174202236,54022826049
7321905895805868,41174202236,54022826049
7321905945812635,41180721098,54022834169
7321905995812860,41194956217,54022851771
7321906045836086,41208525993,54022868448
7321906095845818,41227417427,54022891573
7321906145822279,41241918516,54022909271
7321906195818677,41253895221,54022924310
7321906245816618,41259346494,54022930689
7321906296800439,41259346494,54022930689
7321906346154617,41259346494,54022930689
7321906395832329,41259346494,54022930689
7321906445812467,41259346494,54022930689
7321906495813864,41259346494,54022930689
7321906545809971,41259346494,54022930689
7321906595817279,41259346494,54022930689
7321906645809539,41259346494,54022930689
7321906695834078,41259346494,54022930689
7321906745822852,41259346494,54022930689
7321906795819390,41259346494,54022930689
7321906845816879,41259346494,54022930689
7321906895815131,41259346494,54022930689
7321906945803955,41259346494,54022930689
7321906995824727,41271585912,54022945509
7321907045838165,41281829954,54022958537
7321907095835595,41299923006,54022980461
7321907145789155,41314823462,54022999085
7321907196058285,41329406866,54023017291
7321907245817445,41340898757,54023030973
7321907295823260,41344490814,54023035387
7321907345812775,41344490814,54023035387
7321907395816486,41344490814,54023035387
7321907445826128,41344490814,54023035387
7321907495812748,41344490814,54023035387
7321907545813884,41344490814,54023035387
7321907595814930,41344490814,54023035387
7321907645808082,41344490814,54023035387
7321907695786437,41344490814,54023035387
7321907745810355,41344490814,54023035387
7321907795813635,41344490814,54023035387
7321907845796869,41344490814,54023035387
7321907895822389,41344490814,54023035387
7321907945824467,41344490814,54023035387
7321907995827237,41344490814,54023035387
7321908045810761,41344490814,54023035387
7321908095811327,41344490814,54023035387
7321908145812052,41344490814,54023035387
7321908195826703,41345954378,54023037475
7321908246026097,41357528600,54023051484
7321908295780017,41368038602,54023064493
7321908345824602,41375754806,54023073976
7321908395848179,41381874507,54023081278
7321908445814162,41390522162,54023092121
7321908495820918,41405023119,54023109838
7321908545818198,41418060843,54023125969
7321908595827168,41424845781,54023134199
7321908645855483,41429635149,54023140085
7321908695829771,41429635149,54023140085
7321908746319390,41429635149,54023140085
7321908795813521,41429635149,54023140085
7321908845813244,41429635149,54023140085
7321908895772896,41429635149,54023140085
7321908945818542,41429635149,54023140085
7321908997324567,41429635149,54023140085
7321909045818220,41429635149,54023140085
7321909095817423,41429635149,54023140085
7321909146225635,41429635149,54023140085
7321909195858316,41429635149,54023140085
7321909245811065,41429635149,54023140085
7321909295821407,41429635149,54023140085
7321909345822724,41429635149,54023140085
7321909395783768,41429635149,54023140085
7321909445813827,41429635149,54023140085
7321909495824280,41429635149,54023140085
7321909545812443,41429635149,54023140085
7321909595813499,41429635149,54023140085
7321909645828971,41442539820,54023155889
7321909695818316,41448526530,54023163441
7321909745813782,41463086976,54023181229
7321909795811492,41474868007,54023195675
7321909845823799,41489781002,54023214419
7321909895821439,41505333647,54023233132
7321909945811095,41514779330,54023244725
7321909995823902,41514779330,54023244725
7321910045810652,41514779330,54023244725
7321910095813492,41514779330,54023244725
7321910145810671,41514779330,54023244725
7321910195813510,41514779330,54023244725
7321910245811691,41514779330,54023244725
7321910295813810,41514779330,54023244725
7321910345824363,41514779330,54023244725
7321910397036637,41514779330,54023244725
7321910445963262,41514779330,54023244725
7321910495812715,41514779330,54023244725
7321910545814412,41514779330,54023244725
7321910595798097,41514779330,54023244725
7321910645823347,41514779330,54023244725
7321910695823942,41514779330,54023244725
7321910745824477,41514779330,54023244725
7321910795821997,41514779330,54023244725
7321910845813636,41514779330,54023244725
7321910895918831,41514779330,54023244725
7321910945824675,41514779330,54023244725
7321910995838865,41514779330,54023244725
7321911045831325,41514779330,54023244725
7321911095988443,41514779330,54023244725
7321911145824451,41514779330,54023244725
7321911195824927,41514779330,54023244725
7321911245811366,41520766109,54023252191
7321911295830686,41524890302,54023257167
7321911345813539,41536464524,54023271484
7321911395821638,41545018760,54023282272
7321911445822424,41559080953,54023299331
7321911495820745,41572650860,54023315848
7321911546027492,41585023394,54023331053
7321911595811296,41599923619,54023349365
7321911645826698,41599923619,54023349365
7321911695813920,41599923619,54023349365
7321911745800229,41599923619,54023349365
7321911795811394,41599923619,54023349365
7321911845810586,41599923619,54023349365
7321911896142510,41599923619,54023349365
7321911945821004,41599923619,54023349365
7321911995816410,41599923619,54023349365
7321912045810924,41599923619,54023349365
7321912095810187,41599923619,54023349365
7321912145809801,41599923619,54023349365
7321912195812560,41599923681,54023349423
7321912245806203,41599923681,54023349423
7321912295828457,41599923681,54023349423
7321912345811331,41599923681,54023349423
7321912395811565,41599923681,54023349423
7321912445813884,41599923681,54023349423
7321912495818116,41599923681,54023349423
7321912545818200,41599923681,54023349423
7321912595838732,41599923681,54023349423
7321912645816556,41599923681,54023349423
7321912695811110,41599923681,54023349423
7321912745817526,41599923681,54023349423
7321912795814475,41599923681,54023349423
7321912845823015,41599923681,54023349423
7321912895811999,41599923681,54023349423
7321912945814638,41599923681,54023349423
7321912995810946,41599923681,54023349423
7321913045822160,41605511361,54023356398
7321913095817105,41617617904,54023371564
7321913145828410,41632251999,54023389262
7321913195835487,41642229703,54023401416
7321913245814183,41653139141,54023415255
7321913295824846,41669651216,54023435258
7321913346380655,41683910054,54023452755
7321913395824775,41685067892,54023454063
7321913445768868,41685067892,54023454063
7321913495827158,41685067892,54023454063
7321913545820039,41685067892,54023454063
7321913595822087,41685067892,54023454063
7321913645817693,41685067892,54023454063
7321913695819842,41685067892,54023454063
7321913749034031,41685067892,54023454063
7321913795826713,41685067892,54023454063
7321913845822509,41685067892,54023454063
7321913895813648,41685067892,54023454063
7321913945818110,41685067892,54023454063
7321913995820278,41685067892,54023454063
7321914045825792,41685067892,54023454063
7321914095820647,41685067892,54023454063
7321914145837662,41685067892,54023454063
7321914195821457,41685067892,54023454063
7321914245808378,41685067892,54023454063
7321914295819272,41685067892,54023454063
7321914345823484,41685067892,54023454063
7321914395814452,41685067892,54023454063
7321914445815358,41685067892,54023454063
7321914495780319,41685067892,54023454063
7321914545810057,41685067892,54023454063
7321914595823926,41685067892,54023454063
7321914645816607,41685067892,54023454063
7321914695829254,41685067892,54023454063
7321914745823017,41685067892,54023454063
7321914795825155,41685067892,54023454063
7321914845961266,41685067892,54023454063
7321914896274896,41685067892,54023454063
7321914945832431,41685067892,54023454063
7321914998045443,41685067892,54023454063
7321915045822592,41691985853,54023462689
7321915095821184,41702762253,54023475871
7321915145817612,41713538062,54023489160
7321915195818147,41727906051,54023506655
7321915245806771,41741742003,54023523619
7321915295841257,41748660025,54023532216
7321915345843636,41757174395,54023542622
7321915395831378,41770212135,54023558703
7321915445822747,41770212135,54023558703
7321915495818183,41770212135,54023558703
7321915545825180,41770212135,54023558703
7321915595825304,41770212135,54023558703
7321915645814860,41770212135,54023558703
7321915695905998,41770212135,54023558703
7321915745815620,41770212135,54023558703
7321915795818599,41770212135,54023558703
7321915845813705,41770212135,54023558703
7321915895825991,41770212135,54023558703
7321915945818362,41770212135,54023558703
7321915995786148,41770212135,54023558703
7321916045822538,41770212135,54023558703
7321916095811522,41770212135,54023558703
7321916145823558,41770212135,54023558703
7321916195813083,41770212135,54023558703
7321916245815132,41770212135,54023558703
7321916295824142,41770212135,54023558703
7321916345816663,41770212135,54023558703
7321916395817639,41770212135,54023558703
7321916445816721,41770212135,54023558703
7321916495832615,41770212135,54023558703
7321916545815097,41770212135,54023558703
7321916595821122,41770212135,54023558703
7321916645815707,41770212135,54023558703
7321916695815801,41770212135,54023558703
7321916745823910,41770212135,54023558703
7321916795815830,41770212135,54023558703
7321916846030792,41770212135,54023558703
7321916895811981,41770212135,54023558703
7321916945817836,41770212135,54023558703
7321916995821066,41770212135,54023558703
7321917045818907,41770212135,54023558703
7321917095811518,41770212135,54023558703
7321917145812834,41770212135,54023558703
7321917195825261,41770212366,54023558792
7321917245825155,41779790917,54023570533
7321917295824719,41794059341,54023588244
7321917345910648,41809990435,54023607935
7321917395815611,41827285428,54023628934
7321917445819332,41847240966,54023653644
7321917495816541,41855356315,54023663401
7321917545812278,41855356315,54023663401
7321917596527003,41855356315,54023663401
7321917645824699,41855356315,54023663401
7321917695813693,41855356315,54023663401
7321917745812625,41855356315,54023663401
7321917795815284,41855356315,54023663401
7321917845825147,41855356315,54023663401
7321917895817687,41855356315,54023663401
7321917945815207,41855356315,54023663401
7321917995812417,41855356315,54023663401
7321918046637972,41855356315,54023663401
7321918095815601,41855356315,54023663401
7321918145820133,41855356315,54023663401
7321918195811302,41855356315,54023663401
7321918245814822,41855356315,54023663401
7321918296045663,41855356315,54023663401
7321918346261998,41855356315,54023663401
7321918395816127,41855356315,54023663401
7321918445833152,41855356377,54023663459
7321918495817448,41855356377,54023663459
7321918545833652,41855356377,54023663459
7321918595820993,41855356377,54023663459
7321918645822721,41855356377,54023663459
7321918695816374,41855356377,54023663459
7321918748029966,41855356377,54023663459
7321918795821662,41855356377,54023663459
7321918845820764,41855356377,54023663459
7321918895810600,41855356377,54023663459
7321918945818188,41855356377,54023663459
7321918995811911,41855356377,54023663459
7321919045818618,41855356377,54023663459
7321919095784220,41855356377,54023663459
7321919145824046,41855356377,54023663459
7321919195819352,41855356377,54023663459
7321919245822412,41855356377,54023663459
7321919295820753,41855356377,54023663459
7321919345826257,41855356377,54023663459
7321919395818868,41855356377,54023663459
7321919445817820,41855356377,54023663459
7321919495824627,41855356377,54023663459
7321919548757508,41855356377,54023663459
7321919595833051,41859081679,54023668084
7321919645812858,41870522694,54023682206
7321919695823111,41884358584,54023699099
7321919745817776,41897396339,54023715141
7321919795831144,41907108113,54023727061
7321919845816142,41912296595,54023733437
7321919895813421,41912828747,54023734091
7321919945830436,41912828831,54023734107
7321919995814111,41913227861,54023734582
7321920045817090,41914558225,54023736325
7321920095818888,41921476217,54023744827
7321920145822268,41924669129,54023748643
7321920195845024,41931187975,54023756599
7321920245809995,41940500635,54023768099
7321920295821229,41940500635,54023768099
7321920345825331,41940500635,54023768099
7321920395813334,41940500635,54023768099
7321920445826041,41940500635,54023768099
7321920495846021,41940500635,54023768099
7321920545822553,41940500635,54023768099
7321920595822197,41940500635,54023768099
7321920645821860,41940500635,54023768099
7321920695810945,41940500635,54023768099
7321920745823692,41940500635,54023768099
7321920795812987,41940500635,54023768099
7321920845827007,41940500635,54023768099
7321920895811944,41940500635,54023768099
7321920945811738,41940500635,54023768099
7321920995804199,41940500635,54023768099
7321921046902727,41940500635,54023768099
7321921095827780,41940500635,54023768099
7321921145813628,41940500635,54023768099
7321921196826302,41940500635,54023768099
7321921245830227,41940500635,54023768099
7321921295821656,41940500635,54023768099
7321921345823563,41940500635,54023768099
7321921395830530,41940500635,54023768099
7321921445814766,41940500635,54023768099
7321921495813779,41940500635,54023768099
7321921545814324,41940500635,54023768099
7321921595813787,41940500635,54023768099
7321921646052753,41940500635,54023768099
7321921695816110,41940500635,54023768099
7321921746333208,41940500635,54023768099
7321921795812762,41940500635,54023768099
7321921845814420,41940500635,54023768099
7321921895809806,41940500635,54023768099
7321921945779425,41940500635,54023768099
7321921998031908,41940500635,54023768099
7321922045811932,41940500635,54023768099
7321922095949315,41940500635,54023768099
7321922145864526,41942049553,54023770200
7321922195813378,41946620421,54023775688
7321922245820144,41950212456,54023780093
7321922295814979,41953937520,54023784671
7321922345810175,41955400938,54023786469
7321922397354589,41964314422,54023797313
7321922445811356,41969318136,54023803797
7321922495824293,41974957524,54023810504
7321922545815912,41980013306,54023816779
7321922595812881,41988527384,54023827181
7321922645829085,41993715882,54023833557
7321922695821866,41998106136,54023838953
7321922745813375,42002082872,54023843778
7321922795829208,42013804620,54023858246
7321922845815828,42024846774,54023871816
7321922895810543,42025645002,54023872797
7321922945827017,42025645002,54023872797
7321922995811202,42025645002,54023872797
7321923045805647,42025645002,54023872797
7321923095815469,42025645002,54023872797
7321923147102708,42025645002,54023872797
7321923195815587,42025645002,54023872797
7321923245814049,42025645002,54023872797
7321923295812851,42025645002,54023872797
7321923345813166,42025645002,54023872797
7321923395820183,42025645002,54023872797
7321923445812223,42025645002,54023872797
7321923495832323,42025645002,54023872797
7321923545825856,42025645002,54023872797
7321923595811464,42025645002,54023872797
7321923645820395,42025645002,54023872797
7321923695812254,42025645002,54023872797
7321923745816987,42025645002,54023872797
7321923795811882,42025645002,54023872797
7321923845803191,42025645002,54023872797
7321923895825806,42025645002,54023872797
7321923945827654,42025645002,54023872797
7321923995815265,42025645002,54023872797
7321924045823374,42025645002,54023872797
7321924095786782,42025645002,54023872797
7321924146168606,42025645002,54023872797
7321924195811926,42025645002,54023872797
7321924249077419,42025645002,54023872797
7321924295808008,42025645002,54023872797
7321924345847914,42025645002,54023872797
7321924395822002,42025645002,54023872797
7321924445903644,42025645002,54023872797
7321924495826268,42025645002,54023872797
7321924545840658,42025645002,54023872797
7321924595828180,42025645002,54023872797
7321924645824318,42025645002,54023872797
7321924695825955,42025645002,54023872797
7321924745824797,42025645002,54023872797
7321924795819391,42025645002,54023872797
7321924846068456,42025645002,54023872797
7321924895815874,42025645002,54023872813
7321924945821929,42035622821,54023885004
7321924995813929,42043949169,54023895632
7321925045819012,42058025233,54023912611
7321925095822633,42066487652,54023922992
7321925145815344,42071543096,54023929205
7321925195813786,42080855756,54023940650
7321925245844054,42091631803,54023953893
7321925295825686,42098948862,54023962954
7321925345837932,42107729401,54023973785
7321925395830763,42110789275,54023977437
7321925445830988,42110789275,54023977437
7321925495831233,42110789275,54023977437
7321925545831708,42110789275,54023977437
7321925595813259,42110789275,54023977437
7321925645821869,42110789275,54023977437
7321925695812897,42110789275,54023977437
7321925746257885,42110789275,54023977437
7321925795815430,42110789275,54023977437
7321925845824991,42110789275,54023977437
7321925895813986,42110789275,54023977437
7321925945825160,42110789275,54023977437
7321925995816940,42110789275,54023977437
7321926045790797,42110789275,54023977437
7321926095798505,42110789275,54023977437
7321926145811633,42110789275,54023977437
7321926195821235,42110789275,54023977437
7321926245824074,42110789275,54023977437
7321926295813399,42110789275,54023977437
7321926345825124,42110789275,54023977437
7321926395817084,42110789275,54023977437
7321926445825434,42110789275,54023977437
7321926496929863,42110789275,54023977437
7321926545817628,42110789275,54023977437
7321926595811912,42110789275,54023977437
7321926645834146,42110789275,54023977437
7321926695825044,42110789275,54023977437
7321926745807837,42110789275,54023977437
7321926795818761,42110789275,54023977437
7321926845824236,42110789275,54023977437
7321926895798083,42110789275,54023977437
7321926945794420,42110789275,54023977437
7321926995820622,42110789275,54023977437
7321927045816118,42110789275,54023977437
7321927096115132,42110789275,54023977437
7321927148031017,42110789275,54023977437
7321927195813777,42110789275,54023977437
7321927245812138,42110789275,54023977437
7321927295804949,42110789275,54023977437
7321927345776001,42110789275,54023977437
7321927395815988,42110789275,54023977437
7321927445824648,42110789275,54023977437
7321927495817780,42110789275,54023977437
7321927545813436,42110789275,54023977437
7321927595811847,42110789337,54023977495
7321927645821219,42110789337,54023977495
7321927695814591,42110789337,54023977495
7321927745813213,42110789337,54023977495
7321927795809130,42110789337,54023977495
7321927845814534,42110789337,54023977495
7321927895821391,42114532226,54023982397
7321927946364526,42124758296,54023994857
7321927995846484,42135800450,54024008233
7321928045813088,42151099920,54024027199
7321928095815878,42164137498,54024042837
7321928145862205,42171587772,54024052230
7321928195823510,42186221868,54024070200
7321928245808207,42195933642,54024082135
7321928295813420,42195933642,54024082135
7321928345821129,42195933642,54024082135
7321928395816104,42195933642,54024082135
7321928445806160,42195933642,54024082135
7321928495802417,42195933642,54024082135
7321928546368224,42195933642,54024082135
7321928595814899,42195933642,54024082135
7321928645776554,42195933642,54024082135
7321928695831117,42195933642,54024082135
7321928745823828,42195933642,54024082135
7321928795815928,42195933642,54024082135
7321928845830558,42195933642,54024082135
7321928895815796,42195933642,54024082135
7321928945813246,42195933642,54024082135
7321928995811917,42195933642,54024082135
7321929045820868,42195933642,54024082135
7321929095819109,42195933642,54024082135
7321929145813674,42195933642,54024082135
7321929195814539,42195933642,54024082135
7321929245821286,42195933642,54024082135
7321929295824736,42195933642,54024082135
7321929346376467,42195933642,54024082135
7321929395815598,42195933642,54024082135
7321929445825400,42195933642,54024082135
7321929495856942,42195933642,54024082135
7321929545812546,42195933642,54024082135
7321929595846351,42195933642,54024082135
7321929645813897,42195933642,54024082135
7321929695815243,42195933642,54024082135
7321929745810790,42195933642,54024082135
7321929795808570,42195933642,54024082135
7321929845815266,42195933642,54024082135
7321929895812786,42195933642,54024082135
7321929945818320,42195933642,54024082135
7321929995809920,42195933642,54024082135
7321930045811737,42195933642,54024082135
7321930095822000,42195933642,54024082135
7321930145820241,42195933642,54024082135
7321930195810157,42195933642,54024082135
7321930245815210,42195933642,54024082135
7321930295815325,42195933642,54024082135
7321930345804520,42195933642,54024082135
7321930395812148,42195933642,54024082135
7321930445811471,42195933642,54024082135
7321930495794374,42195933642,54024082135
7321930545826497,42195933642,54024082135
7321930595814219,42195933642,54024082135
7321930645822328,42195933642,54024082135
7321930695811512,42195933642,54024082135
7321930745819010,42195933642,54024082135
7321930795764506,42195933642,54024082135
7321930845814641,42195933642,54024082135
7321930895824263,42195933642,54024082135
7321930945827242,42195933642,54024082135
7321930995813692,42198594386,54024085405
7321931045821571,42204181982,54024092272
7321931095813180,42215756195,54024106275
7321931145812643,42224004613,54024116634
7321931196690062,42235046805,54024130312
7321931245813213,42241565629,54024138216
7321931295812295,42253539049,54024153202
7321931345817098,42263383830,54024164919
7321931395815199,42272164338,54024175873
7321931445822206,42281077915,54024186775
7321931495812633,42281077915,54024186775
7321931545813048,42281077915,54024186775
7321931595853235,42281077915,54024186775
7321931645816643,42281077915,54024186775
7321931695820033,42281077915,54024186775
7321931745821791,42281077915,54024186775
7321931797035758,42281077915,54024186775
7321931845806512,42281077915,54024186775
7321931896028818,42281077915,54024186775
7321931945819845,42281077915,54024186775
7321931998447224,42281077915,54024186775
7321932045814954,42281077915,54024186775
7321932095814828,42281077915,54024186775
7321932145821605,42281077915,54024186775
7321932199032288,42281077915,54024186775
7321932246700340,42281077915,54024186775
7321932295810788,42281077915,54024186775
7321932345813527,42281077915,54024186775
7321932395810486,42281077915,54024186775
7321932446095936,42281077915,54024186775
7321932495823729,42281077915,54024186775
7321932545812723,42281077915,54024186775
7321932595813028,42281077915,54024186775
7321932645814224,42281077915,54024186775
7321932695812355,42281077915,54024186775
7321932745811879,42281077915,54024186775
7321932797716172,42281077915,54024186775
7321932845788795,42281077915,54024186775
7321932895822992,42281077915,54024186775
7321932945821934,42281077915,54024186775
7321932995813814,42281077915,54024186775
7321933045817294,42281077915,54024186775
7321933095815876,42281077915,54024186775
7321933145815730,42281077915,54024186775
7321933195817818,42281077915,54024186775
7321933245813374,42281077977,54024186833
7321933295827003,42281077977,54024186833
7321933345828149,42281077977,54024186833
7321933395823445,42281077977,54024186833
7321933445816447,42281077977,54024186833
7321933495813566,42281077977,54024186833
7321933545842983,42281077977,54024186833
7321933595817211,42281077977,54024186833
7321933645820451,42281077977,54024186833
7321933695822860,42281077977,54024186833
7321933745812525,42281077977,54024186833
7321933795814543,42281077977,54024186833
7321933845812915,42281077977,54024186833
7321933895849445,42281077977,54024186833
7321933945817021,42281077977,54024186833
7321933995832082,42281077977,54024186833
7321934045985604,42281077977,54024186833
7321934095819638,42281077977,54024186833
7321934145813952,42281077977,54024186833
7321934195811542,42281077977,54024186833
7321934245815133,42281077977,54024186833
7321934295825015,42281077977,54024186833
7321934345829427,42282541395,54024188632
7321934395812030,42290390622,54024198278
7321934445813076,42290523660,54024198442
7321934495809695,42290922858,54024198948
7321934545819567,42292386192,54024200731
7321934595815113,42293450496,54024202039
7321934645810258,42293849610,54024202529
7321934695815953,42294115686,54024202856
7321934745814925,42295179990,54024204164
7321934796426334,42295313028,54024204328
7321934846527511,42295313028,54024204328
7321934895824986,42295446066,54024204491
7321934945841791,42296244294,54024205472
7321934995816209,42296510370,54024205799
7321935045814570,42296643408,54024205963
7321935095813934,42296909484,54024206290
7321935145824477,42297308598,54024206780
7321935195811698,42297441636,54024206944
7321935245835375,42297441636,54024206944
7321935295829429,42298239864,54024207925
7321935345820938,42298239864,54024207925
7321935395821513,42298372902,54024208088
7321935448042839,42298372902,54024208088
7321935495824136,42298505940,54024208252
7321935546286155,42298638978,54024208415
7321935595815549,42298772016,54024208579
7321935645837583,42301166700,54024211522
7321935695781276,42301432776,54024211849
7321935745780329,42301432776,54024211849
7321935795829221,42302763225,54024213530
7321935845837390,42316333016,54024230161
7321935895818641,42318461624,54024232777
7321935945814507,42318727700,54024233104
7321935995812308,42318860738,54024233267
7321936045816419,42319126814,54024233702
7321936095827313,42325912090,54024241995
7321936145818462,42334692229,54024252724
7321936195811924,42338816407,54024257792
7321936245813361,42351721093,54024273652
7321936295813385,42357973879,54024281336
7321936345813530,42366222235,54024291473
7321936395811160,42366222235,54024291473
7321936445811685,42366222235,54024291473
7321936495822509,42366222235,54024291473
7321936545779576,42366222235,54024291473
7321936595812860,42366222235,54024291473
7321936645840484,42366222235,54024291473
7321936698254418,42366222235,54024291473
7321936745797615,42366222235,54024291473
7321936795814250,42366222235,54024291473
7321936845816618,42366222235,54024291473
7321936895815020,42366222235,54024291473
7321936945810145,42366222235,54024291473
7321936995811181,42366222235,54024291473
7321937045811045,42366222235,54024291473
7321937095819315,42366222235,54024291473
7321937145810763,42366222235,54024291473
7321937195818902,42366222235,54024291473
7321937245815681,42366222235,54024291473
7321937295831904,42366222297,54024291531
7321937345821400,42366222297,54024291531
7321937395821194,42366222297,54024291531
7321937445812833,42366222297,54024291531
7321937495810803,42366222297,54024291531
7321937545825735,42366222297,54024291531
7321937595822754,42366222297,54024291531
7321937645813471,42366222297,54024291531
7321937695811852,42366222297,54024291531
7321937745814331,42366222297,54024291531
7321937795818032,42366222297,54024291531
7321937845812246,42366222297,54024291531
7321937895851501,42366222297,54024291531
7321937945822693,42366222297,54024291531
7321937995828338,42366222297,54024291531
7321938045829825,42367552677,54024293166
7321938095818338,42367685715,54024293330
7321938145811340,42373672425,54024300687
7321938195800535,42373805463,54024300851
7321938245811349,42376998375,54024304775
7321938295812635,42381654705,54024310497
7321938345822608,42390302160,54024321125
7321938395811472,42397752419,54024330555
7321938445813440,42411455348,54024347411
7321938495812292,42414515207,54024351103
7321938545823366,42418373224,54024355681
7321938595818982,42433539479,54024374428
7321938645825649,42444448610,54024387727
7321938695815575,42451366586,54024396229
7321938745820217,42451366586,54024396229
7321938795814582,42451366586,54024396229
7321938845812642,42451366586,54024396229
7321938895810753,42451366586,54024396229
7321938945823000,42451366586,54024396229
7321938995810181,42451366586,54024396229
7321939045803383,42451366586,54024396229
7321939095824976,42451366586,54024396229
7321939145813600,42451366586,54024396229
7321939195809577,42451366586,54024396229
7321939245809130,42451366586,54024396229
7321939295817139,42451366586,54024396229
7321939346018667,42451366586,54024396229
7321939395807440,42451366586,54024396229
7321939445810319,42451366586,54024396229
7321939496307602,42451366586,54024396229
7321939545814255,42451366586,54024396229
7321939595813007,42451366586,54024396229
7321939645824963,42451366586,54024396229
7321939695811132,42451366586,54024396229
7321939745811227,42451366586,54024396229
7321939797054116,42451366586,54024396229
7321939845969992,42451366586,54024396229
7321939895814355,42451366586,54024396229
7321939945811144,42451366586,54024396229
7321939995821797,42451366586,54024396229
7321940045812054,42451366586,54024396229
7321940095795729,42451366586,54024396229
7321940145826539,42451366586,54024396229
7321940196557834,42451366586,54024396229
7321940245808966,42451366586,54024396229
7321940295827754,42451366586,54024396229
7321940345826927,42451366586,54024396229
7321940396451218,42451366586,54024396229
7321940445841291,42451366586,54024396229
7321940495822782,42451366586,54024396229
7321940545819661,42451366586,54024396229
7321940595818974,42451366586,54024396229
7321940645809741,42451366586,54024396229
7321940695800599,42451366586,54024396229
7321940747144460,42451366586,54024396229
7321940795810756,42451366586,54024396229
7321940845811622,42451366586,54024396229
7321940895773728,42451366586,54024396229
7321940945819384,42451366586,54024396229
7321940995812947,42451366586,54024396229
7321941045812310,42451366586,54024396229
7321941095812815,42451366586,54024396229
7321941145822607,42451366586,54024396229
7321941195819867,42451366586,54024396229
7321941245812688,42451366586,54024396229
7321941295814946,42451366586,54024396229
7321941345814850,42451366586,54024396229
7321941395815726,42451366586,54024396229
7321941447439463,42451366586,54024396229
7321941495810045,42451366586,54024396229
7321941545825246,42451366586,54024396229
7321941595811135,42451366586,54024396229
7321941645812231,42451366586,54024396229
7321941695815992,42451366586,54024396229
7321941746992612,42451366586,54024396229
7321941795825518,42451366586,54024396229
7321941845826625,42463473029,54024411123
7321941895812473,42470391089,54024419773
7321941945820432,42483029584,54024435087
7321941995811109,42496165034,54024451289
7321942045810543,42506534680,54024463971
7321942095833649,42519348996,54024479901
7321942145817864,42534515543,54024498796
7321942195814042,42536510906,54024500927
7321942245815098,42536510906,54024500927
7321942295815944,42536510906,54024500927
7321942345811480,42536510906,54024500927
7321942395839254,42536510906,54024500927
7321942445809916,42536510906,54024500927
7321942495811653,42536510906,54024500927
7321942545823859,42536510906,54024500927
7321942595813785,42536510906,54024500927
7321942645816685,42536510906,54024500927
7321942695957173,42536510906,54024500927
7321942745817475,42536510906,54024500927
7321942795818301,42536510906,54024500927
7321942846030508,42536510906,54024500927
7321942895814062,42536510906,54024500927
7321942945824675,42536510906,54024500927
7321942995822235,42536510906,54024500927
7321943046480268,42536510906,54024500927
7321943095809871,42536510906,54024500927
7321943145771757,42536510906,54024500927
7321943195811493,42536510906,54024500927
7321943245821896,42536510906,54024500927
7321943295836356,42536510906,54024500927
7321943345810794,42536510906,54024500927
7321943397039337,42536510906,54024500927
7321943445819799,42536510906,54024500927
7321943495830934,42536510906,54024500927
7321943545811613,42536510906,54024500927
7321943595817398,42536510906,54024500927
7321943645813344,42536510906,54024500927
7321943695832193,42536510906,54024500927
7321943745821468,42536510906,54024500927
7321943795814449,42536510906,54024500927
7321943845810096,42536510906,54024500927
7321943895809509,42536510906,54024500927
7321943945812138,42536510906,54024500927
7321943995820958,42536510906,54024500927
7321944045823207,42536510906,54024500927
7321944095826447,42536510906,54024500927
7321944145818757,42536510906,54024500927
7321944195810146,42536510906,54024500927
7321944245825478,42536510906,54024500927
7321944295816005,42536510906,54024500927
7321944345814977,42536510906,54024500927
7321944395903041,42536510906,54024500927
7321944445812772,42536510906,54024500927
7321944495813528,42536510906,54024500927
7321944547715898,42536510906,54024500927
7321944595813376,42536510906,54024500927
7321944645811787,42536510906,54024500927
7321944695829564,42536510906,54024500927
7321944745812547,42536510906,54024500927
7321944795814215,42536510906,54024500927
7321944845810402,42536510906,54024500927
7321944895811819,42536510906,54024500927
7321944945812164,42536510906,54024500927
7321944995829419,42536510906,54024500927
7321945045811070,42536510906,54024500927
7321945095812938,42536510906,54024500927
7321945145829312,42536510906,54024500927
7321945195809530,42536510906,54024500927
7321945245816087,42536510906,54024500927
7321945295816371,42536510906,54024500927
7321945346069413,42536510906,54024500927
7321945395814797,42536510906,54024500927
7321945445811836,42536510906,54024500927
7321945495828490,42536510906,54024500927
7321945545813748,42536510906,54024500927
7321945595773750,42536510906,54024500927
7321945645818505,42536510906,54024500927
7321945695815524,42536510906,54024500927
7321945745820217,42543029768,54024508939
7321945795821724,42553273848,54024521744
7321945845816479,42565779251,54024536897
7321945895785787,42580280346,54024554663
7321945945850048,42597575324,54024576057
7321945995823264,42612475480,54024594283
7321946045819852,42621655149,54024605567
7321946095822721,42621655149,54024605567
7321946145815362,42621655149,54024605567
7321946195814896,42621655149,54024605567
7321946245826822,42621655149,54024605567
7321946295814674,42621655149,54024605567
7321946345809970,42621655149,54024605567
7321946395812609,42621655149,54024605567
7321946445805640,42621655149,54024605567
7321946495821383,42621655149,54024605567
7321946545812111,42621655149,54024605567
7321946595836008,42621655149,54024605567
7321946646163083,42621655149,54024605567
7321946695833252,42621655149,54024605567
7321946746670699,42621655149,54024605567
7321946795812122,42621655149,54024605567
7321946845821083,42621655149,54024605567
7321946895820696,42621655149,54024605567
7321946945825259,42621655149,54024605567
7321946995820805,42621655149,54024605567
7321947045830927,42621655149,54024605567
7321947095818139,42621655149,54024605567
7321947145826478,42621655149,54024605567
7321947195811375,42621655211,54024605625
7321947245808995,42621655211,54024605625
7321947295817765,42621655211,54024605625
7321947347033826,42621655211,54024605625
7321947395815459,42621655211,54024605625
7321947445819070,42621655211,54024605625
7321947495818984,42621655211,54024605625
7321947547620823,42621655211,54024605625
7321947595815717,42621655211,54024605625
7321947645815972,42621655211,54024605625
7321947695814654,42621655211,54024605625
7321947745823374,42621655211,54024605625
7321947795819221,42621655211,54024605625
7321947845829243,42621655211,54024605625
7321947895813669,42621655211,54024605625
7321947945814845,42621655211,54024605625
7321947995829927,42621655211,54024605625
7321948045812890,42621655211,54024605625
7321948095811352,42621655211,54024605625
7321948145778467,42621655211,54024605625
7321948195814546,42621655211,54024605625
7321948245810002,42621655211,54024605625
7321948295813072,42621655211,54024605625
7321948345822403,42621655211,54024605625
7321948395825022,42621655211,54024605625
7321948445822472,42621655211,54024605625
7321948498037747,42621655211,54024605625
7321948545833871,42621655211,54024605625
7321948595818117,42621655211,54024605625
7321948645804697,42621655211,54024605625
7321948695813157,42621655211,54024605625
7321948745810496,42621655211,54024605625
7321948795813366,42621655211,54024605625
7321948845813711,42621655211,54024605625
7321948895818453,42621655211,54024605625
7321948945816384,42621655211,54024605625
7321948995814665,42621655211,54024605625
7321949045812285,42621655211,54024605625
7321949095819322,42621655211,54024605625
7321949145816141,42621655211,54024605625
7321949196735035,42621655211,54024605625
7321949245808325,42621655211,54024605625
7321949295815492,42621655211,54024605625
7321949345814595,42621655211,54024605625
7321949395807877,42621655211,54024605625
7321949445813151,42621655211,54024605625
7321949496166774,42621655211,54024605625
7321949545784027,42621655211,54024605625
7321949595809347,42621655211,54024605625
7321949645821904,42621655211,54024605625
7321949695813102,42621655211,54024605625
7321949745825529,42621655211,54024605625
7321949795822618,42621655211,54024605625
7321949845813556,42625912480,54024611129
7321949895827656,42634160736,54024620994
7321949945815959,42640413507,54024628568
7321949995811725,42648262780,54024638325
7321950045821157,42652519980,54024643557
7321950095816372,42654837793,54024646445
7321950145810516,42655047702,54024646664
7321950195808326,42655712892,54024647481
7321950245809463,42655712892,54024647481
7321950295847906,42655712892,54024647481
7321950345815081,42655845930,54024647645
7321950396033690,42660635283,54024653475
7321950445821972,42663429096,54024656964
7321950495813962,42670965478,54024666500
7321950545822662,42688272113,54024687807
7321950595844797,42706267317,54024709611
7321950645819054,42706799469,54024710265
7321950695812547,42706799469,54024710265
7321950745814875,42706799469,54024710265
7321950795812445,42706799469,54024710265
7321950845814643,42706799469,54024710265
7321950895977221,42706799469,54024710265
7321950945814422,42706799469,54024710265
7321950995824604,42706799469,54024710265
7321951045808950,42706799469,54024710265
7321951095824372,42706799469,54024710265
7321951146808604,42706799469,54024710265
7321951195818530,42706799469,54024710265
7321951247116759,42706799469,54024710265
7321951295819721,42706799469,54024710265
7321951345809908,42706799469,54024710265
7321951395813829,42706799469,54024710265
7321951445825094,42706799469,54024710265
7321951495826220,42706799469,54024710265
7321951545812810,42706799469,54024710265
7321951595825167,42706799469,54024710265
7321951645815253,42706799469,54024710265
7321951695810198,42706799469,54024710265
7321951745816634,42706799469,54024710265
7321951795825054,42706799469,54024710265
7321951845811393,42706799469,54024710265
7321951895811828,42706799469,54024710265
7321951945819657,42706799469,54024710265
7321951995830410,42706799469,54024710265
7321952045825686,42706799469,54024710265
7321952095887562,42706799469,54024710265
7321952147647255,42706799469,54024710265
7321952195822824,42706799469,54024710265
7321952245821005,42706799469,54024710265
7321952295823924,42706799531,54024710323
7321952345829058,42706799531,54024710323
7321952395822671,42706799531,54024710323
7321952445822495,42706799531,54024710323
7321952495815967,42706799531,54024710323
7321952545812465,42706799531,54024710323
7321952595808182,42706799531,54024710323
7321952645815209,42706799531,54024710323
7321952695819050,42706799531,54024710323
7321952745833099,42706799531,54024710323
7321952795827884,42706799531,54024710323
7321952846027519,42706799531,54024710323
7321952895812545,42706799531,54024710323
7321952945820814,42706799531,54024710323
7321952995775076,42706799531,54024710323
7321953045812668,42706799531,54024710323
7321953095811941,42706799531,54024710323
7321953145816013,42706799531,54024710323
7321953195814444,42706799531,54024710323
7321953245813307,42706799531,54024710323
7321953295810456,42706799531,54024710323
7321953345825597,42706799531,54024710323
7321953395813630,42706799531,54024710323
7321953445812282,42706799531,54024710323
7321953495812386,42706799531,54024710323
7321953545789439,42706799531,54024710323
7321953595813717,42706799531,54024710323
7321953645807901,42706799531,54024710323
7321953695832810,42706799531,54024710323
7321953745813720,42706799531,54024710323
7321953795824233,42706799531,54024710323
7321953845820291,42706799531,54024710323
7321953895967150,42706799531,54024710323
7321953945814859,42706799531,54024710323
7321953995828749,42706799531,54024710323
7321954045821760,42706799531,54024710323
7321954096113301,42707198645,54024710814
7321954145814506,42707464721,54024711141
7321954195950356,42707730797,54024711468
7321954246581680,42707730797,54024711468
7321954295811734,42711455861,54024716046
7321954345810335,42713052370,54024718076
7321954395824305,42718506966,54024724943
7321954445830110,42724726302,54024732396
7321954496102877,42731943573,54024741225
7321954545828385,42739178537,54024750177
7321954595812941,42746045508,54024758556
7321954645793841,42755358091,54024770016
7321954695817428,42766758744,54024784022
7321954745816130,42781300253,54024801883
7321954795775050,42781300253,54024801883
7321954845810909,42781300253,54024801883
7321954895808119,42781300253,54024801883
7321954945811449,42781300253,54024801883
7321954995814038,42781300253,54024801883
7321955045819903,42781300253,54024801883
7321955095810149,42781300253,54024801883
7321955145812317,42781300253,54024801883
7321955195810569,42781300253,54024801883
7321955245810623,42781300253,54024801883
7321955295902253,42781300253,54024801883
7321955345815430,42781300253,54024801883
7321955395810776,42781300253,54024801883
7321955445810480,42781300253,54024801883
7321955495811386,42781300253,54024801883
7321955545810288,42781300253,54024801883
7321955595803150,42781300253,54024801883
7321955645826666,42781300253,54024801883
7321955695818346,42781300253,54024801883
7321955745828718,42781300253,54024801883
7321955795819105,42781300253,54024801883
7321955847062455,42781300253,54024801883
7321955895911110,42781300253,54024801883
7321955945808810,42781300253,54024801883
7321955995793917,42781300253,54024801883
7321956045823465,42781300253,54024801883
7321956095811838,42781300253,54024801883
7321956145810099,42781300253,54024801883
7321956195820071,42781300253,54024801883
7321956245825205,42781300253,54024801883
7321956295816674,42781300253,54024801883
7321956345819664,42781300253,54024801883
7321956395811483,42781300253,54024801883
7321956445814743,42781300253,54024801883
7321956495821450,42781300253,54024801883
7321956545820182,42781300253,54024801883
7321956595869054,42781300253,54024801883
7321956645821432,42781300253,54024801883
7321956696107513,42781300253,54024801883
7321956745828213,42781300253,54024801883
7321956795844006,42781300253,54024801883
7321956845814948,42781300253,54024801883
7321956895829108,42781300253,54024801883
7321956945820376,42781300253,54024801883
7321956997836161,42781300253,54024801883
7321957045788597,42781300253,54024801883
7321957095899742,42781300253,54024801883
7321957145814783,42781300253,54024801883
7321957196763822,42781300315,54024801941
7321957245813890,42781300315,54024801941
7321957295814486,42781300315,54024801941
7321957345823526,42781300315,54024801941
7321957395815997,42781300315,54024801941
7321957446615345,42781300315,54024801941
7321957495815294,42781300315,54024801941
